520.0666, 132.1003, 96.43285
537.7355, 182.3021, 99.48596
-691.8795, 294.9721, 81.90764
-829.769, -842.9478, 18.61861
-922.4241, -837.6229, 14.66199
-871.9624, -909.3112, 14.95229
-765.6087, -669.326, 29.1042
-853.1002, -674.9406, 26.79764
-842.6001, -824.6219, 18.34669
-1055.249, -759.1925, 18.26103
-876.0687, -645.2438, 26.92395
-1073.772, -791.5655, 18.30537
-978.8345, -840.0424, 14.4377
-1107.718, -753.3297, 18.43785
-957.965, -683.887, 23.66559
-1038.292, -713.6271, 18.91005
-853.0472, -725.7549, 24.52722
-822.4348, -996.475, 12.4642
-796.0055, -1092.279, 9.869568
-789.3358, -1051.808, 11.25905
-785.738, -1138.737, 9.651764
-752.1345, -858.6577, 21.37135
-749.2271, -944.3099, 17.02214
-659.0012, -950.5284, 20.51857
-662.0955, -848.6078, 23.39429
-725.4539, -848.7087, 21.83859
-649.9131, -859.0254, 23.56015
-625.4519, -942.4586, 20.85242
-595.9004, -951.0878, 21.41547
-617.6309, -963.5968, 20.37323
-624.8732, -895.1276, 23.84793
-649.8872, -807.3414, 23.88583
-724.9697, -824.5779, 22.14304
-585.8062, -824.0369, 25.24861
-619.0229, -871.9705, 24.09906
-738.1532, -767.1802, 24.83443
-616.9397, -670.6608, 30.61722
-649.5051, -679.8441, 30.3587
-738.1941, -681.6698, 29.26105
-659.276, -646.8231, 30.61385
-721.8574, -645.3856, 29.39091
-536.1964, -678.2479, 32.22929
-459.9451, -670.4807, 31.24004
-554.8625, -676.0602, 32.23155
-519.5157, -646.3116, 32.20383
-511.9658, -857.8939, 29.23416
-478.4971, -825.3842, 29.42111
-524.4036, -756.6555, 30.99828
-524.9768, -825.0881, 29.18127
-502.0699, -908.198, 25.56096
-747.7756, -1127.211, 9.600525
-540.4247, -1187.548, 17.57664
-756.2037, -1167.333, 9.620712
-712.98, -1219.713, 9.621765
-687.7827, -1204.161, 9.601364
-577.5468, -1209.627, 16.14894
-633.504, -1019.709, 18.96558
-675.8254, -1072.215, 14.6752
-713.4988, -1095.824, 11.49237
-699.8721, -1057.658, 13.80968
-663.5391, -1024.878, 17.20813
333.97, 400.8188, 115.9504
197.7322, 434.9628, 118.0646
-503.1482, 723.4309, 155.6223
-583.0246, 685.4349, 146.598
-1413.187, 484.4848, 109.0227
-1258.089, 470.8416, 93.11461
-1249.207, 645.9921, 140.1417
-333.6871, 6212.353, 30.38223
-318.476, 6235.962, 30.63674
-277.7672, 6245.742, 30.40349
-275.9326, 6270.322, 30.44695
-419.0192, 6247.709, 29.73977
-388.7569, 6284.693, 28.50418
-365.4754, 6317.981, 28.72339
-285.9108, 6365.37, 29.65872
-287.8302, 6224.032, 30.51382
-329.6826, 6247.324, 30.6316
-241.3504, 6282.279, 30.42768
-233.9956, 6312.063, 30.46417
-215.0508, 6330.984, 30.49648
-187.0511, 6336.587, 30.42928
-179.0273, 6369.899, 30.47655
-127.4594, 6412.962, 30.42108
-137.7608, 6386.021, 30.5531
-19.3709, 6390.546, 30.4185
-51.8656, 6343.232, 30.3467
-70.02231, 6287.55, 30.49126
-101.5603, 6296.367, 30.49594
-129.5249, 6233.463, 30.35857
-170.7844, 6228.194, 30.37387
-237.0871, 6392.406, 30.1644
-161.1042, 6354.646, 30.5152
-145.7553, 6321.542, 30.61208
-184.894, 6174.258, 30.49064
-226.1844, 6166.371, 30.3001
-234.6306, 6124.489, 30.42771
-244.7378, 6145.672, 30.33011
-238.1924, 6173.322, 30.47832
-416.9017, 5987.471, 30.58865
-400.9677, 6038.371, 30.51275
-424.7747, 6120.897, 30.58536
-345.9277, 6176.03, 30.36089
-361.5613, 6185.09, 30.40445
-301.8925, 6089.228, 30.40079
-261.0872, 6097.869, 30.38885
-335.6018, 6055.203, 30.23943
-349.2255, 6007.716, 30.23636
-402.8713, 6195.223, 30.50311
-270.9688, 6188.29, 30.41868
-107.5828, 6436.527, 30.4282
-67.98683, 6455.025, 30.43172
-43.53084, 6481.812, 30.48961
-42.24387, 6506.336, 30.48405
-3.733185, 6540.262, 30.4374
-10.54083, 6510.727, 30.56669
32.14667, 6579.934, 30.60691
87.81293, 6611.258, 30.43761
19.49298, 6431.757, 30.40932
-184.0089, 6451.588, 30.04881
-153.193, 6470.053, 29.81155
-105.8379, 6547.375, 28.51611
-39.16348, 6603.544, 28.99692
41.83325, 6627.449, 30.52296
-136.0981, 6452.527, 30.57389
95.0864, 6450.557, 30.51131
1663.71, 4832.64, 41.12888
1673.427, 4879.911, 41.01236
1681.438, 4815.481, 41.01201
-404.3597, 117.7202, 64.50055
-413.1147, 15.50782, 45.58386
-535.0006, 22.05722, 43.23133
-412.4512, -15.0586, 45.78575
-531.0603, 138.5935, 62.14984
-557.2788, 121.1755, 62.05185
-389.1542, -23.32584, 46.0153
-688.023, 265.4381, 80.20399
-665.7419, 120.8412, 56.09654
-439.8847, 231.9369, 82.10033
-273.9735, -25.26585, 48.70473
-260.5922, 2.703825, 50.61459
-243.176, 115.734, 68.69505
-384.9343, 22.5946, 46.1881
-284.2937, -52.55183, 48.44466
-213.9651, 131.4929, 68.75038
-57.59058, 279.8887, 102.7404
-115.2678, 236.5751, 96.47939
-307.7103, 115.849, 66.97222
-219.2439, -75.02411, 49.26888
-291.619, -111.8606, 45.13532
-299.9332, -230.4406, 35.07347
-295.7593, -285.5594, 30.0052
-369.7627, -261.7324, 33.45229
-302.2833, -323.4339, 29.43822
-375.0498, -221.3289, 35.57283
-544.241, -58.77235, 41.05476
-465.8567, -122.7108, 37.95888
-430.5127, -209.64, 35.46951
-70.28156, -1093.465, 25.54507
-214.7536, -897.9936, 28.36577
-170.5269, -914.2033, 28.34599
-271.0106, -847.727, 30.70413
-193.4238, -866.7333, 28.28383
-257.9478, -795.1838, 31.27375
-296.5039, -839.7648, 30.7235
-297.8311, -870.6478, 30.71335
-346.3513, -861.9487, 30.5608
-218.4197, -865.5629, 28.90686
-240.2935, -992.8779, 28.27681
-295.7535, -1128.171, 22.13461
-1.15741, -777.6989, 43.1894
100.4023, -972.1074, 28.36987
-12.32686, -967.4263, 28.6143
35.43467, -1116.698, 28.32556
-79.51757, -1120.662, 24.82762
84.44492, -1016.732, 28.32373
24.89429, -1123.724, 28.24779
76.89237, -1115.419, 28.2908
-5.565414, -1124.774, 26.93417
-47.96172, -1032.87, 27.49595
-237.2393, -643.3583, 32.43422
-267.9884, -639.8349, 32.25481
-324.3756, -646.4117, 31.62401
-354.8131, -646.3637, 30.83405
-254.1956, -604.6976, 32.78268
-228.9554, -716.8723, 32.58066
85.78858, -571.6511, 30.473
27.87806, -555.0859, 34.89763
56.02003, -752.7261, 30.79543
-103.8421, -733.6862, 33.77885
-98.79684, -694.7392, 33.79656
-137.1829, -689.8704, 33.76234
123.0096, -586.8227, 42.76423
-146.9029, -719.654, 33.7843
-112.6146, -642.3177, 35.24854
105.9385, -617.679, 43.20898
-65.30352, -601.03, 35.2475
-76.53588, -633.4255, 35.33132
24.8018, -746.8041, 43.18845
84.96507, -673.9992, 43.25626
68.74241, -718.7018, 43.25626
334.8209, -677.8786, 28.32805
301.8879, -772.4699, 28.40007
266.1852, -613.559, 41.55383
392.9559, -572.3889, 27.71904
399.1523, -692.9018, 28.28735
154.0054, -583.5356, 43.03771
208.5443, -617.3182, 40.55277
412.6754, -728.6874, 28.42035
132.547, -993.9316, 28.35972
214.9926, -1015.237, 28.35267
199.2026, -1057.035, 28.25206
130.067, -1122.802, 28.27862
188.1118, -1119.837, 28.29217
233.7011, -1124.29, 28.4222
245.3455, -1065.074, 28.29803
297.2656, -1118.418, 28.59276
316.3309, -1063.991, 28.41813
318.6843, -1124.898, 28.39365
390.2836, -1117.515, 28.42902
250.8145, -1033.389, 28.4222
385.2064, -1032.854, 28.44575
417.621, -1125.098, 28.41953
405.0264, -1074.872, 28.41976
392.889, -993.4448, 28.4099
410.8833, -1036.262, 28.45512
150.1215, -836.4798, 30.22648
255.7444, -833.0418, 28.63029
199.6531, -812.5965, 30.09957
399.7137, -772.874, 28.2688
361.5586, -840.1547, 28.30407
264.2375, -965.8184, 28.21879
387.7487, -961.4208, 28.45769
278.98, -945.1837, 28.36725
296.7576, -876.1454, 28.2314
339.1452, -946.6396, 28.55266
398.4418, -898.2625, 28.59737
413.0534, -803.6865, 28.30491
494.0963, -968.2924, 26.44581
446.3859, -948.0366, 27.69843
494.2964, -1075.565, 27.81804
1192.688, -1291.104, 34.12431
1178.426, -1328.021, 33.94915
1193.052, -1401.659, 34.35217
1216.567, -1388.096, 34.33273
1276.025, -553.3749, 67.93959
1377.905, -584.9611, 73.32396
1316.806, -549.1252, 70.90243
453.2254, -1031.02, 31.30995
902.125, -993.897, 33.61317
969.9698, -1003.546, 40.06918
1004.855, -459.8753, 62.75232
947.3352, -498.5822, 59.41368
976.7004, -647.4855, 56.45329
1019.576, -582.0859, 58.00796
956.52, -579.205, 57.53257
997.7615, -536.3727, 59.08993
876.0686, -552.6472, 56.32873
























